,Pclass,SibSp,Parch,Fare,Embarked_Q,Embarked_S,Survived
0,1.0139818444251507,0.8868578544121851,-0.3351310370288513,-0.48090641078314356,-0.28718326344709527,0.6920066758613096,0
1,-0.118657449879539,-0.44342892720609245,-0.3351310370288513,0.6269909489277301,-0.28718326344709527,0.6920066758613096,0
2,-1.2512967441842286,-0.44342892720609245,-0.3351310370288513,3.2012536092001347,-0.28718326344709527,-1.4450727642986172,1
3,1.0139818444251507,6.2080049808852955,1.2288138024391213,0.13079249412159996,-0.28718326344709527,0.6920066758613096,0
4,-1.2512967441842286,-0.44342892720609245,0.446841382705135,0.43780689369813125,-0.28718326344709527,-1.4450727642986172,1
5,1.0139818444251507,-0.44342892720609245,-0.3351310370288513,-0.5967948656885226,-0.28718326344709527,0.6920066758613096,0
6,-0.118657449879539,-0.44342892720609245,-0.3351310370288513,-0.5443302734275361,3.4820970692960302,-1.4450727642986172,1
7,-1.2512967441842286,0.8868578544121851,0.446841382705135,1.0000724938947452,-0.28718326344709527,0.6920066758613096,1
8,1.0139818444251507,-0.44342892720609245,-0.3351310370288513,-0.5668699949667183,-0.28718326344709527,0.6920066758613096,0
9,1.0139818444251507,-0.44342892720609245,-0.3351310370288513,-0.5976492224264971,-0.28718326344709527,0.6920066758613096,0
10,-0.118657449879539,0.8868578544121851,-0.3351310370288513,-0.25907772036893084,-0.28718326344709527,0.6920066758613096,0
11,1.0139818444251507,-0.44342892720609245,-0.3351310370288513,-0.597570875302054,-0.28718326344709527,0.6920066758613096,0
12,1.0139818444251507,-0.44342892720609245,-0.3351310370288513,-0.6135051880875952,-0.28718326344709527,0.6920066758613096,0
13,-1.2512967441842286,-0.44342892720609245,-0.3351310370288513,-0.21244252724805396,-0.28718326344709527,-1.4450727642986172,0
14,-0.118657449879539,-0.44342892720609245,-0.3351310370288513,-0.5015807245974907,-0.28718326344709527,0.6920066758613096,0
15,1.0139818444251507,-0.44342892720609245,-0.3351310370288513,-0.5824927846622121,-0.28718326344709527,0.6920066758613096,0
16,1.0139818444251507,-0.44342892720609245,-0.3351310370288513,-0.5995146301513322,3.4820970692960302,-1.4450727642986172,1
17,-1.2512967441842286,0.8868578544121851,-0.3351310370288513,1.989126592864101,-0.28718326344709527,-1.4450727642986172,0
18,-1.2512967441842286,0.8868578544121851,0.446841382705135,3.8731883949475274,-0.28718326344709527,-1.4450727642986172,1
19,-1.2512967441842286,0.8868578544121851,0.446841382705135,-0.24881797788233792,-0.28718326344709527,0.6920066758613096,1
20,1.0139818444251507,3.5474314176487396,0.446841382705135,-0.33322767743112514,-0.28718326344709527,0.6920066758613096,0
21,-0.118657449879539,-0.44342892720609245,-0.3351310370288513,-0.5015807245974907,-0.28718326344709527,0.6920066758613096,0
22,1.0139818444251507,-0.44342892720609245,-0.3351310370288513,-0.5990482782201234,-0.28718326344709527,0.6920066758613096,0
23,1.0139818444251507,-0.44342892720609245,-0.3351310370288513,-0.5719998662100148,-0.28718326344709527,0.6920066758613096,0
24,-1.2512967441842286,0.8868578544121851,-0.3351310370288513,3.3930026000513815,-0.28718326344709527,0.6920066758613096,1
25,-0.118657449879539,-0.44342892720609245,-0.3351310370288513,-0.5482159177183675,-0.28718326344709527,0.6920066758613096,0
26,1.0139818444251507,-0.44342892720609245,-0.3351310370288513,-0.5668699949667183,-0.28718326344709527,0.6920066758613096,0
27,-1.2512967441842286,-0.44342892720609245,-0.3351310370288513,-0.25907772036893084,-0.28718326344709527,-1.4450727642986172,0
28,1.0139818444251507,-0.44342892720609245,-0.3351310370288513,-0.597570875302054,-0.28718326344709527,0.6920066758613096,0
29,-1.2512967441842286,0.8868578544121851,-0.3351310370288513,0.3751609060749949,-0.28718326344709527,0.6920066758613096,1
30,-0.118657449879539,-0.44342892720609245,-0.3351310370288513,-0.5015807245974907,-0.28718326344709527,0.6920066758613096,0
31,1.0139818444251507,-0.44342892720609245,-0.3351310370288513,-0.5986602734133577,-0.28718326344709527,0.6920066758613096,0
32,-1.2512967441842286,0.8868578544121851,-0.3351310370288513,3.3930026000513815,-0.28718326344709527,0.6920066758613096,1
33,1.0139818444251507,-0.44342892720609245,-0.3351310370288513,-0.6239981065397925,-0.28718326344709527,-1.4450727642986172,0
34,-1.2512967441842286,-0.44342892720609245,-0.3351310370288513,-0.24881797788233792,-0.28718326344709527,0.6920066758613096,0
35,-1.2512967441842286,0.8868578544121851,-0.3351310370288513,0.2901300257538376,-0.28718326344709527,-1.4450727642986172,0
36,1.0139818444251507,-0.44342892720609245,-0.3351310370288513,-0.5990482782201234,-0.28718326344709527,0.6920066758613096,0
37,1.0139818444251507,-0.44342892720609245,-0.3351310370288513,-0.5995146301513322,3.4820970692960302,-1.4450727642986172,1
38,1.0139818444251507,-0.44342892720609245,-0.3351310370288513,-0.5998261532413797,3.4820970692960302,-1.4450727642986172,1
39,1.0139818444251507,-0.44342892720609245,-0.3351310370288513,-0.48479205507397505,-0.28718326344709527,0.6920066758613096,0
40,-1.2512967441842286,-0.44342892720609245,-0.3351310370288513,1.2873452835193469,-0.28718326344709527,-1.4450727642986172,1
41,-0.118657449879539,-0.44342892720609245,-0.3351310370288513,-0.5015807245974907,-0.28718326344709527,0.6920066758613096,0
42,1.0139818444251507,0.8868578544121851,-0.3351310370288513,-0.6135051880875952,-0.28718326344709527,0.6920066758613096,0
43,-0.118657449879539,-0.44342892720609245,-0.3351310370288513,-0.3523481066106846,-0.28718326344709527,0.6920066758613096,0
44,-1.2512967441842286,-0.44342892720609245,-0.3351310370288513,-0.24881797788233792,-0.28718326344709527,0.6920066758613096,0
45,-0.118657449879539,-0.44342892720609245,-0.3351310370288513,0.4684312923167487,-0.28718326344709527,0.6920066758613096,0
46,-1.2512967441842286,-0.44342892720609245,-0.3351310370288513,0.7333191892433295,-0.28718326344709527,-1.4450727642986172,0
47,-1.2512967441842286,-0.44342892720609245,1.2288138024391213,0.8071576232154761,-0.28718326344709527,-1.4450727642986172,1
48,1.0139818444251507,-0.44342892720609245,-0.3351310370288513,-0.6093080207067163,-0.28718326344709527,-1.4450727642986172,0
49,-0.118657449879539,-0.44342892720609245,1.2288138024391213,-0.1378262182546509,-0.28718326344709527,0.6920066758613096,0
50,1.0139818444251507,-0.44342892720609245,-0.3351310370288513,-0.5986602734133577,-0.28718326344709527,0.6920066758613096,0
51,-1.2512967441842286,-0.44342892720609245,-0.3351310370288513,2.082941678161507,-0.28718326344709527,0.6920066758613096,1
52,-0.118657449879539,-0.44342892720609245,-0.3351310370288513,-0.48556993009523125,-0.28718326344709527,-1.4450727642986172,0
53,-1.2512967441842286,-0.44342892720609245,-0.3351310370288513,-0.153061003143379,-0.28718326344709527,0.6920066758613096,0
54,-0.118657449879539,-0.44342892720609245,0.446841382705135,-0.3523481066106846,-0.28718326344709527,0.6920066758613096,0
55,1.0139818444251507,-0.44342892720609245,1.2288138024391213,-0.4474839005772735,-0.28718326344709527,0.6920066758613096,1
56,-0.118657449879539,-0.44342892720609245,-0.3351310370288513,-0.5015807245974907,-0.28718326344709527,0.6920066758613096,0
57,1.0139818444251507,0.8868578544121851,-0.3351310370288513,-0.47437748374622074,-0.28718326344709527,-1.4450727642986172,0
58,-0.118657449879539,-0.44342892720609245,-0.3351310370288513,-0.5015807245974907,-0.28718326344709527,0.6920066758613096,0
59,1.0139818444251507,-0.44342892720609245,-0.3351310370288513,-0.6092296735822733,-0.28718326344709527,-1.4450727642986172,0
60,-0.118657449879539,0.8868578544121851,-0.3351310370288513,-0.25907772036893084,-0.28718326344709527,0.6920066758613096,0
61,-0.118657449879539,-0.44342892720609245,-0.3351310370288513,-0.5482159177183675,-0.28718326344709527,0.6920066758613096,0
62,-0.118657449879539,0.8868578544121851,-0.3351310370288513,-0.25907772036893084,-0.28718326344709527,0.6920066758613096,0
63,1.0139818444251507,-0.44342892720609245,-0.3351310370288513,-0.5967948656885226,-0.28718326344709527,0.6920066758613096,0
64,-1.2512967441842286,-0.44342892720609245,-0.3351310370288513,-0.7440837288260506,-0.28718326344709527,0.6920066758613096,0
65,1.0139818444251507,0.8868578544121851,6.702620740577025,0.5533073437967446,-0.28718326344709527,0.6920066758613096,1
66,-1.2512967441842286,0.8868578544121851,-0.3351310370288513,0.33318923226620567,-0.28718326344709527,-1.4450727642986172,0
67,1.0139818444251507,2.2171446360304623,-0.3351310370288513,-0.593918406976827,-0.28718326344709527,0.6920066758613096,0
68,1.0139818444251507,-0.44342892720609245,1.2288138024391213,-0.45968739791314456,-0.28718326344709527,-1.4450727642986172,0
69,1.0139818444251507,-0.44342892720609245,-0.3351310370288513,-0.597570875302054,-0.28718326344709527,0.6920066758613096,0
70,1.0139818444251507,-0.44342892720609245,-0.3351310370288513,-0.5768965614877068,-0.28718326344709527,0.6920066758613096,0
71,-1.2512967441842286,-0.44342892720609245,-0.3351310370288513,-0.23210765548326534,-0.28718326344709527,-1.4450727642986172,0
72,1.0139818444251507,-0.44342892720609245,-0.3351310370288513,-0.5971045233708453,3.4820970692960302,-1.4450727642986172,1
73,-1.2512967441842286,-0.44342892720609245,-0.3351310370288513,0.18862013359148733,-0.28718326344709527,0.6920066758613096,0
74,-1.2512967441842286,-0.44342892720609245,-0.3351310370288513,0.13452330957127015,-0.28718326344709527,0.6920066758613096,0
75,-1.2512967441842286,-0.44342892720609245,-0.3351310370288513,0.6594807552711826,-0.28718326344709527,-1.4450727642986172,0
76,1.0139818444251507,-0.44342892720609245,2.792758641907094,-0.26902593976547634,-0.28718326344709527,0.6920066758613096,1
77,-1.2512967441842286,-0.44342892720609245,-0.3351310370288513,0.04871455422885665,-0.28718326344709527,0.6920066758613096,0
78,-1.2512967441842286,-0.44342892720609245,-0.3351310370288513,-0.25907772036893084,-0.28718326344709527,0.6920066758613096,0
79,1.0139818444251507,0.8868578544121851,3.57473106164108,-0.15857887919344116,-0.28718326344709527,0.6920066758613096,1
80,1.0139818444251507,-0.44342892720609245,-0.3351310370288513,-0.593918406976827,-0.28718326344709527,0.6920066758613096,0
81,-1.2512967441842286,3.5474314176487396,1.2288138024391213,4.161938587490199,-0.28718326344709527,0.6920066758613096,1
82,-1.2512967441842286,-0.44342892720609245,-0.3351310370288513,-0.26389606852217984,-0.28718326344709527,-1.4450727642986172,0
83,-1.2512967441842286,-0.44342892720609245,0.446841382705135,0.3639684597259844,-0.28718326344709527,-1.4450727642986172,1
84,-1.2512967441842286,0.8868578544121851,0.446841382705135,1.764889661077126,-0.28718326344709527,-1.4450727642986172,0
85,1.0139818444251507,0.8868578544121851,4.3567034813750665,0.13079249412159996,-0.28718326344709527,0.6920066758613096,1
86,1.0139818444251507,-0.44342892720609245,-0.3351310370288513,-0.593918406976827,-0.28718326344709527,0.6920066758613096,0
87,-0.118657449879539,-0.44342892720609245,-0.3351310370288513,0.6269909489277301,-0.28718326344709527,0.6920066758613096,0
88,-1.2512967441842286,-0.44342892720609245,-0.3351310370288513,-0.25907772036893084,-0.28718326344709527,0.6920066758613096,0
89,1.0139818444251507,-0.44342892720609245,-0.3351310370288513,-0.003750038032129856,-0.28718326344709527,0.6920066758613096,0
90,1.0139818444251507,-0.44342892720609245,-0.3351310370288513,-0.32390063880694975,-0.28718326344709527,0.6920066758613096,0
91,-0.118657449879539,2.2171446360304623,-0.3351310370288513,-0.1564802955030017,-0.28718326344709527,0.6920066758613096,0
92,-1.2512967441842286,0.8868578544121851,-0.3351310370288513,0.33318923226620567,-0.28718326344709527,-1.4450727642986172,0
93,1.0139818444251507,-0.44342892720609245,0.446841382705135,-0.49380757060810293,-0.28718326344709527,-1.4450727642986172,0
94,-1.2512967441842286,-0.44342892720609245,-0.3351310370288513,-0.25907772036893084,-0.28718326344709527,0.6920066758613096,0
95,1.0139818444251507,-0.44342892720609245,-0.3351310370288513,-0.5824927846622121,-0.28718326344709527,0.6920066758613096,0
96,1.0139818444251507,-0.44342892720609245,-0.3351310370288513,-0.5995146301513322,3.4820970692960302,-1.4450727642986172,1
97,-0.118657449879539,-0.44342892720609245,-0.3351310370288513,-0.5482159177183675,-0.28718326344709527,0.6920066758613096,0
98,1.0139818444251507,-0.44342892720609245,-0.3351310370288513,-0.593918406976827,-0.28718326344709527,0.6920066758613096,0
99,-0.118657449879539,-0.44342892720609245,-0.3351310370288513,-0.5633723554826525,3.4820970692960302,-1.4450727642986172,1
100,1.0139818444251507,-0.44342892720609245,-0.3351310370288513,-0.5701344584851797,-0.28718326344709527,0.6920066758613096,0
101,1.0139818444251507,-0.44342892720609245,-0.3351310370288513,-0.5971045233708453,3.4820970692960302,-1.4450727642986172,1
102,-1.2512967441842286,-0.44342892720609245,-0.3351310370288513,-0.19005763455003305,-0.28718326344709527,-1.4450727642986172,0
103,-1.2512967441842286,-0.44342892720609245,-0.3351310370288513,1.7860303268226818,-0.28718326344709527,-1.4450727642986172,0
104,1.0139818444251507,-0.44342892720609245,-0.3351310370288513,-0.6088416687755075,-0.28718326344709527,0.6920066758613096,0
